file1,file2
61/inet_ntop6_104-177939_127-178424.foo.c,61/inet_ntop6_103-177921_127-178424.foo.c
61/inet_ntop6_104-177939_127-178424.foo.c,61/inet_ntop6_105-177956_127-178424.foo.c
61/inet_ntop6_104-177939_127-178424.foo.c,61/inet_ntop6_106-177972_127-178424.foo.c
61/inet_ntop6_103-177921_127-178424.foo.c,61/inet_ntop6_105-177956_127-178424.foo.c
61/inet_ntop6_103-177921_127-178424.foo.c,61/inet_ntop6_106-177972_127-178424.foo.c
61/inet_ntop6_105-177956_127-178424.foo.c,61/inet_ntop6_106-177972_127-178424.foo.c
95/inet_ntop6_100-177842_126-178412.foo.c,95/inet_ntop6_103-177921_126-178412.foo.c
95/inet_ntop6_100-177842_126-178412.foo.c,95/inet_ntop6_105-177956_126-178412.foo.c
95/inet_ntop6_100-177842_126-178412.foo.c,95/inet_ntop6_106-177972_126-178412.foo.c
95/inet_ntop6_100-177842_126-178412.foo.c,95/inet_ntop6_104-177939_126-178412.foo.c
95/inet_ntop6_103-177921_126-178412.foo.c,95/inet_ntop6_105-177956_126-178412.foo.c
95/inet_ntop6_103-177921_126-178412.foo.c,95/inet_ntop6_106-177972_126-178412.foo.c
95/inet_ntop6_103-177921_126-178412.foo.c,95/inet_ntop6_104-177939_126-178412.foo.c
95/inet_ntop6_105-177956_126-178412.foo.c,95/inet_ntop6_106-177972_126-178412.foo.c
95/inet_ntop6_105-177956_126-178412.foo.c,95/inet_ntop6_104-177939_126-178412.foo.c
95/inet_ntop6_106-177972_126-178412.foo.c,95/inet_ntop6_104-177939_126-178412.foo.c
59/Curl_if2ip_201-195451_226-196029.foo.c,59/Curl_if2ip_198-195395_228-196066.foo.c
59/Curl_if2ip_201-195451_226-196029.foo.c,59/Curl_if2ip_202-195475_226-196029.foo.c
59/Curl_if2ip_201-195451_226-196029.foo.c,59/Curl_if2ip_202-195475_228-196066.foo.c
59/Curl_if2ip_201-195451_226-196029.foo.c,59/Curl_if2ip_198-195395_226-196029.foo.c
59/Curl_if2ip_201-195451_226-196029.foo.c,59/Curl_if2ip_201-195451_228-196066.foo.c
59/Curl_if2ip_201-195451_226-196029.foo.c,59/Curl_if2ip_198-195395_221-195851.foo.c
59/Curl_if2ip_198-195395_228-196066.foo.c,59/Curl_if2ip_202-195475_226-196029.foo.c
59/Curl_if2ip_198-195395_228-196066.foo.c,59/Curl_if2ip_202-195475_228-196066.foo.c
59/Curl_if2ip_198-195395_228-196066.foo.c,59/Curl_if2ip_198-195395_226-196029.foo.c
59/Curl_if2ip_198-195395_228-196066.foo.c,59/Curl_if2ip_201-195451_228-196066.foo.c
59/Curl_if2ip_198-195395_228-196066.foo.c,59/Curl_if2ip_198-195395_221-195851.foo.c
59/Curl_if2ip_202-195475_226-196029.foo.c,59/Curl_if2ip_202-195475_228-196066.foo.c
59/Curl_if2ip_202-195475_226-196029.foo.c,59/Curl_if2ip_198-195395_226-196029.foo.c
59/Curl_if2ip_202-195475_226-196029.foo.c,59/Curl_if2ip_201-195451_228-196066.foo.c
59/Curl_if2ip_202-195475_226-196029.foo.c,59/Curl_if2ip_198-195395_221-195851.foo.c
59/Curl_if2ip_202-195475_228-196066.foo.c,59/Curl_if2ip_198-195395_226-196029.foo.c
59/Curl_if2ip_202-195475_228-196066.foo.c,59/Curl_if2ip_201-195451_228-196066.foo.c
59/Curl_if2ip_202-195475_228-196066.foo.c,59/Curl_if2ip_198-195395_221-195851.foo.c
59/Curl_if2ip_198-195395_226-196029.foo.c,59/Curl_if2ip_201-195451_228-196066.foo.c
59/Curl_if2ip_198-195395_226-196029.foo.c,59/Curl_if2ip_198-195395_221-195851.foo.c
59/Curl_if2ip_201-195451_228-196066.foo.c,59/Curl_if2ip_198-195395_221-195851.foo.c
94/get_libcurl_info_91-168519_103-168844.foo.c,94/get_libcurl_info_91-168519_91-168519.foo.c
60/Curl_HMAC_init_66-169530_95-170460.foo.c,60/Curl_HMAC_init_64-169503_101-170653.foo.c
60/Curl_HMAC_init_66-169530_95-170460.foo.c,60/Curl_HMAC_init_64-169503_95-170460.foo.c
60/Curl_HMAC_init_66-169530_95-170460.foo.c,60/Curl_HMAC_init_66-169530_101-170653.foo.c
60/Curl_HMAC_init_66-169530_95-170460.foo.c,60/Curl_HMAC_init_88-170211_101-170653.foo.c
60/Curl_HMAC_init_66-169530_95-170460.foo.c,60/Curl_HMAC_init_64-169503_88-170211.foo.c
60/Curl_HMAC_init_66-169530_95-170460.foo.c,60/Curl_HMAC_init_88-170211_95-170460.foo.c
60/Curl_HMAC_init_66-169530_95-170460.foo.c,60/Curl_HMAC_init_66-169530_88-170211.foo.c
60/Curl_HMAC_init_64-169503_101-170653.foo.c,60/Curl_HMAC_init_64-169503_95-170460.foo.c
60/Curl_HMAC_init_64-169503_101-170653.foo.c,60/Curl_HMAC_init_66-169530_101-170653.foo.c
60/Curl_HMAC_init_64-169503_101-170653.foo.c,60/Curl_HMAC_init_88-170211_101-170653.foo.c
60/Curl_HMAC_init_64-169503_101-170653.foo.c,60/Curl_HMAC_init_64-169503_88-170211.foo.c
60/Curl_HMAC_init_64-169503_101-170653.foo.c,60/Curl_HMAC_init_88-170211_95-170460.foo.c
60/Curl_HMAC_init_64-169503_101-170653.foo.c,60/Curl_HMAC_init_66-169530_88-170211.foo.c
60/Curl_HMAC_init_64-169503_95-170460.foo.c,60/Curl_HMAC_init_66-169530_101-170653.foo.c
60/Curl_HMAC_init_64-169503_95-170460.foo.c,60/Curl_HMAC_init_88-170211_101-170653.foo.c
60/Curl_HMAC_init_64-169503_95-170460.foo.c,60/Curl_HMAC_init_64-169503_88-170211.foo.c
60/Curl_HMAC_init_64-169503_95-170460.foo.c,60/Curl_HMAC_init_88-170211_95-170460.foo.c
60/Curl_HMAC_init_64-169503_95-170460.foo.c,60/Curl_HMAC_init_66-169530_88-170211.foo.c
60/Curl_HMAC_init_66-169530_101-170653.foo.c,60/Curl_HMAC_init_88-170211_101-170653.foo.c
60/Curl_HMAC_init_66-169530_101-170653.foo.c,60/Curl_HMAC_init_64-169503_88-170211.foo.c
60/Curl_HMAC_init_66-169530_101-170653.foo.c,60/Curl_HMAC_init_88-170211_95-170460.foo.c
60/Curl_HMAC_init_66-169530_101-170653.foo.c,60/Curl_HMAC_init_66-169530_88-170211.foo.c
60/Curl_HMAC_init_88-170211_101-170653.foo.c,60/Curl_HMAC_init_64-169503_88-170211.foo.c
60/Curl_HMAC_init_88-170211_101-170653.foo.c,60/Curl_HMAC_init_88-170211_95-170460.foo.c
60/Curl_HMAC_init_88-170211_101-170653.foo.c,60/Curl_HMAC_init_66-169530_88-170211.foo.c
60/Curl_HMAC_init_64-169503_88-170211.foo.c,60/Curl_HMAC_init_88-170211_95-170460.foo.c
60/Curl_HMAC_init_64-169503_88-170211.foo.c,60/Curl_HMAC_init_66-169530_88-170211.foo.c
60/Curl_HMAC_init_88-170211_95-170460.foo.c,60/Curl_HMAC_init_66-169530_88-170211.foo.c
145/inet_ntop6_106-177972_108-177988.foo.c,145/inet_ntop6_105-177956_108-177988.foo.c
145/inet_ntop6_106-177972_108-177988.foo.c,145/inet_ntop6_103-177921_108-177988.foo.c
145/inet_ntop6_106-177972_108-177988.foo.c,145/inet_ntop6_104-177939_108-177988.foo.c
145/inet_ntop6_105-177956_108-177988.foo.c,145/inet_ntop6_103-177921_108-177988.foo.c
145/inet_ntop6_105-177956_108-177988.foo.c,145/inet_ntop6_104-177939_108-177988.foo.c
145/inet_ntop6_103-177921_108-177988.foo.c,145/inet_ntop6_104-177939_108-177988.foo.c
11/Curl_socketpair_82-189144_119-190123.foo.c,11/Curl_socketpair_82-189144_128-190432.foo.c
11/Curl_socketpair_82-189144_119-190123.foo.c,11/Curl_socketpair_82-189144_114-189953.foo.c
11/Curl_socketpair_82-189144_119-190123.foo.c,11/Curl_socketpair_82-189144_118-190092.foo.c
11/Curl_socketpair_82-189144_119-190123.foo.c,11/Curl_socketpair_82-189144_122-190234.foo.c
11/Curl_socketpair_82-189144_119-190123.foo.c,11/Curl_socketpair_82-189144_115-189983.foo.c
11/Curl_socketpair_82-189144_119-190123.foo.c,11/Curl_socketpair_82-189144_134-190517.foo.c
11/Curl_socketpair_82-189144_128-190432.foo.c,11/Curl_socketpair_82-189144_114-189953.foo.c
11/Curl_socketpair_82-189144_128-190432.foo.c,11/Curl_socketpair_82-189144_118-190092.foo.c
11/Curl_socketpair_82-189144_128-190432.foo.c,11/Curl_socketpair_82-189144_122-190234.foo.c
11/Curl_socketpair_82-189144_128-190432.foo.c,11/Curl_socketpair_82-189144_115-189983.foo.c
11/Curl_socketpair_82-189144_128-190432.foo.c,11/Curl_socketpair_82-189144_134-190517.foo.c
11/Curl_socketpair_82-189144_114-189953.foo.c,11/Curl_socketpair_82-189144_118-190092.foo.c
11/Curl_socketpair_82-189144_114-189953.foo.c,11/Curl_socketpair_82-189144_122-190234.foo.c
11/Curl_socketpair_82-189144_114-189953.foo.c,11/Curl_socketpair_82-189144_115-189983.foo.c
11/Curl_socketpair_82-189144_114-189953.foo.c,11/Curl_socketpair_82-189144_134-190517.foo.c
11/Curl_socketpair_82-189144_118-190092.foo.c,11/Curl_socketpair_82-189144_122-190234.foo.c
11/Curl_socketpair_82-189144_118-190092.foo.c,11/Curl_socketpair_82-189144_115-189983.foo.c
11/Curl_socketpair_82-189144_118-190092.foo.c,11/Curl_socketpair_82-189144_134-190517.foo.c
11/Curl_socketpair_82-189144_122-190234.foo.c,11/Curl_socketpair_82-189144_115-189983.foo.c
11/Curl_socketpair_82-189144_122-190234.foo.c,11/Curl_socketpair_82-189144_134-190517.foo.c
11/Curl_socketpair_82-189144_115-189983.foo.c,11/Curl_socketpair_82-189144_134-190517.foo.c
7/Curl_socketpair_81-189082_115-189983.foo.c,7/Curl_socketpair_81-189082_122-190234.foo.c
7/Curl_socketpair_81-189082_115-189983.foo.c,7/Curl_socketpair_81-189082_134-190517.foo.c
7/Curl_socketpair_81-189082_115-189983.foo.c,7/Curl_socketpair_81-189082_118-190092.foo.c
7/Curl_socketpair_81-189082_115-189983.foo.c,7/Curl_socketpair_81-189082_114-189953.foo.c
7/Curl_socketpair_81-189082_115-189983.foo.c,7/Curl_socketpair_81-189082_119-190123.foo.c
7/Curl_socketpair_81-189082_115-189983.foo.c,7/Curl_socketpair_81-189082_128-190432.foo.c
7/Curl_socketpair_81-189082_122-190234.foo.c,7/Curl_socketpair_81-189082_134-190517.foo.c
7/Curl_socketpair_81-189082_122-190234.foo.c,7/Curl_socketpair_81-189082_118-190092.foo.c
7/Curl_socketpair_81-189082_122-190234.foo.c,7/Curl_socketpair_81-189082_114-189953.foo.c
7/Curl_socketpair_81-189082_122-190234.foo.c,7/Curl_socketpair_81-189082_119-190123.foo.c
7/Curl_socketpair_81-189082_122-190234.foo.c,7/Curl_socketpair_81-189082_128-190432.foo.c
7/Curl_socketpair_81-189082_134-190517.foo.c,7/Curl_socketpair_81-189082_118-190092.foo.c
7/Curl_socketpair_81-189082_134-190517.foo.c,7/Curl_socketpair_81-189082_114-189953.foo.c
7/Curl_socketpair_81-189082_134-190517.foo.c,7/Curl_socketpair_81-189082_119-190123.foo.c
7/Curl_socketpair_81-189082_134-190517.foo.c,7/Curl_socketpair_81-189082_128-190432.foo.c
7/Curl_socketpair_81-189082_118-190092.foo.c,7/Curl_socketpair_81-189082_114-189953.foo.c
7/Curl_socketpair_81-189082_118-190092.foo.c,7/Curl_socketpair_81-189082_119-190123.foo.c
7/Curl_socketpair_81-189082_118-190092.foo.c,7/Curl_socketpair_81-189082_128-190432.foo.c
7/Curl_socketpair_81-189082_114-189953.foo.c,7/Curl_socketpair_81-189082_119-190123.foo.c
7/Curl_socketpair_81-189082_114-189953.foo.c,7/Curl_socketpair_81-189082_128-190432.foo.c
7/Curl_socketpair_81-189082_119-190123.foo.c,7/Curl_socketpair_81-189082_128-190432.foo.c
144/Curl_splay_48-167946_50-167961.foo.c,144/Curl_splay_47-167908_50-167961.foo.c
1/tool_list_engines_1009-194517_1012-198094.foo.c,1/tool_list_engines_1009-194517_1023-198297.foo.c
1/tool_list_engines_1009-194517_1012-198094.foo.c,1/tool_list_engines_1006-194455_1012-198094.foo.c
1/tool_list_engines_1009-194517_1012-198094.foo.c,1/tool_list_engines_1006-194455_1023-198297.foo.c
1/tool_list_engines_1009-194517_1023-198297.foo.c,1/tool_list_engines_1006-194455_1012-198094.foo.c
1/tool_list_engines_1009-194517_1023-198297.foo.c,1/tool_list_engines_1006-194455_1023-198297.foo.c
1/tool_list_engines_1006-194455_1012-198094.foo.c,1/tool_list_engines_1006-194455_1023-198297.foo.c
10/Curl_socketpair_75-188940_118-190092.foo.c,10/Curl_socketpair_75-188940_115-189983.foo.c
10/Curl_socketpair_75-188940_118-190092.foo.c,10/Curl_socketpair_75-188940_119-190123.foo.c
10/Curl_socketpair_75-188940_118-190092.foo.c,10/Curl_socketpair_75-188940_114-189953.foo.c
10/Curl_socketpair_75-188940_115-189983.foo.c,10/Curl_socketpair_75-188940_119-190123.foo.c
10/Curl_socketpair_75-188940_115-189983.foo.c,10/Curl_socketpair_75-188940_114-189953.foo.c
10/Curl_socketpair_75-188940_119-190123.foo.c,10/Curl_socketpair_75-188940_114-189953.foo.c
62/Curl_if2ip_198-195395_223-195953.foo.c,62/Curl_if2ip_201-195451_223-195953.foo.c
97/Curl_dedotdotify_57-167192_87-167552.foo.c,97/Curl_dedotdotify_55-167145_87-167552.foo.c
108/inet_ntop6_104-177939_121-178271.foo.c,108/inet_ntop6_105-177956_123-178353.foo.c
108/inet_ntop6_104-177939_121-178271.foo.c,108/inet_ntop6_106-177972_123-178353.foo.c
108/inet_ntop6_104-177939_121-178271.foo.c,108/inet_ntop6_100-177842_123-178353.foo.c
108/inet_ntop6_104-177939_121-178271.foo.c,108/inet_ntop6_103-177921_123-178353.foo.c
108/inet_ntop6_104-177939_121-178271.foo.c,108/inet_ntop6_103-177921_121-178271.foo.c
108/inet_ntop6_104-177939_121-178271.foo.c,108/inet_ntop6_100-177842_121-178271.foo.c
108/inet_ntop6_104-177939_121-178271.foo.c,108/inet_ntop6_106-177972_121-178271.foo.c
108/inet_ntop6_104-177939_121-178271.foo.c,108/inet_ntop6_105-177956_121-178271.foo.c
108/inet_ntop6_104-177939_121-178271.foo.c,108/inet_ntop6_104-177939_123-178353.foo.c
108/inet_ntop6_105-177956_123-178353.foo.c,108/inet_ntop6_106-177972_123-178353.foo.c
108/inet_ntop6_105-177956_123-178353.foo.c,108/inet_ntop6_100-177842_123-178353.foo.c
108/inet_ntop6_105-177956_123-178353.foo.c,108/inet_ntop6_103-177921_123-178353.foo.c
108/inet_ntop6_105-177956_123-178353.foo.c,108/inet_ntop6_103-177921_121-178271.foo.c
108/inet_ntop6_105-177956_123-178353.foo.c,108/inet_ntop6_100-177842_121-178271.foo.c
108/inet_ntop6_105-177956_123-178353.foo.c,108/inet_ntop6_106-177972_121-178271.foo.c
108/inet_ntop6_105-177956_123-178353.foo.c,108/inet_ntop6_105-177956_121-178271.foo.c
108/inet_ntop6_105-177956_123-178353.foo.c,108/inet_ntop6_104-177939_123-178353.foo.c
108/inet_ntop6_106-177972_123-178353.foo.c,108/inet_ntop6_100-177842_123-178353.foo.c
108/inet_ntop6_106-177972_123-178353.foo.c,108/inet_ntop6_103-177921_123-178353.foo.c
108/inet_ntop6_106-177972_123-178353.foo.c,108/inet_ntop6_103-177921_121-178271.foo.c
108/inet_ntop6_106-177972_123-178353.foo.c,108/inet_ntop6_100-177842_121-178271.foo.c
108/inet_ntop6_106-177972_123-178353.foo.c,108/inet_ntop6_106-177972_121-178271.foo.c
108/inet_ntop6_106-177972_123-178353.foo.c,108/inet_ntop6_105-177956_121-178271.foo.c
108/inet_ntop6_106-177972_123-178353.foo.c,108/inet_ntop6_104-177939_123-178353.foo.c
108/inet_ntop6_100-177842_123-178353.foo.c,108/inet_ntop6_103-177921_123-178353.foo.c
108/inet_ntop6_100-177842_123-178353.foo.c,108/inet_ntop6_103-177921_121-178271.foo.c
108/inet_ntop6_100-177842_123-178353.foo.c,108/inet_ntop6_100-177842_121-178271.foo.c
108/inet_ntop6_100-177842_123-178353.foo.c,108/inet_ntop6_106-177972_121-178271.foo.c
108/inet_ntop6_100-177842_123-178353.foo.c,108/inet_ntop6_105-177956_121-178271.foo.c
108/inet_ntop6_100-177842_123-178353.foo.c,108/inet_ntop6_104-177939_123-178353.foo.c
108/inet_ntop6_103-177921_123-178353.foo.c,108/inet_ntop6_103-177921_121-178271.foo.c
108/inet_ntop6_103-177921_123-178353.foo.c,108/inet_ntop6_100-177842_121-178271.foo.c
108/inet_ntop6_103-177921_123-178353.foo.c,108/inet_ntop6_106-177972_121-178271.foo.c
108/inet_ntop6_103-177921_123-178353.foo.c,108/inet_ntop6_105-177956_121-178271.foo.c
108/inet_ntop6_103-177921_123-178353.foo.c,108/inet_ntop6_104-177939_123-178353.foo.c
108/inet_ntop6_103-177921_121-178271.foo.c,108/inet_ntop6_100-177842_121-178271.foo.c
108/inet_ntop6_103-177921_121-178271.foo.c,108/inet_ntop6_106-177972_121-178271.foo.c
108/inet_ntop6_103-177921_121-178271.foo.c,108/inet_ntop6_105-177956_121-178271.foo.c
108/inet_ntop6_103-177921_121-178271.foo.c,108/inet_ntop6_104-177939_123-178353.foo.c
108/inet_ntop6_100-177842_121-178271.foo.c,108/inet_ntop6_106-177972_121-178271.foo.c
108/inet_ntop6_100-177842_121-178271.foo.c,108/inet_ntop6_105-177956_121-178271.foo.c
108/inet_ntop6_100-177842_121-178271.foo.c,108/inet_ntop6_104-177939_123-178353.foo.c
108/inet_ntop6_106-177972_121-178271.foo.c,108/inet_ntop6_105-177956_121-178271.foo.c
108/inet_ntop6_106-177972_121-178271.foo.c,108/inet_ntop6_104-177939_123-178353.foo.c
108/inet_ntop6_105-177956_121-178271.foo.c,108/inet_ntop6_104-177939_123-178353.foo.c
3/tool_list_engines_1005-194422_1023-198297.foo.c,3/tool_list_engines_1005-194422_1012-198094.foo.c
12/Curl_socketpair_69-188850_114-189953.foo.c,12/Curl_socketpair_69-188850_119-190123.foo.c
12/Curl_socketpair_69-188850_114-189953.foo.c,12/Curl_socketpair_68-188805_122-190234.foo.c
12/Curl_socketpair_69-188850_114-189953.foo.c,12/Curl_socketpair_68-188805_134-190517.foo.c
12/Curl_socketpair_69-188850_114-189953.foo.c,12/Curl_socketpair_69-188850_115-189983.foo.c
12/Curl_socketpair_69-188850_114-189953.foo.c,12/Curl_socketpair_68-188805_128-190432.foo.c
12/Curl_socketpair_69-188850_114-189953.foo.c,12/Curl_socketpair_69-188850_118-190092.foo.c
12/Curl_socketpair_69-188850_119-190123.foo.c,12/Curl_socketpair_68-188805_122-190234.foo.c
12/Curl_socketpair_69-188850_119-190123.foo.c,12/Curl_socketpair_68-188805_134-190517.foo.c
12/Curl_socketpair_69-188850_119-190123.foo.c,12/Curl_socketpair_69-188850_115-189983.foo.c
12/Curl_socketpair_69-188850_119-190123.foo.c,12/Curl_socketpair_68-188805_128-190432.foo.c
12/Curl_socketpair_69-188850_119-190123.foo.c,12/Curl_socketpair_69-188850_118-190092.foo.c
12/Curl_socketpair_68-188805_122-190234.foo.c,12/Curl_socketpair_68-188805_134-190517.foo.c
12/Curl_socketpair_68-188805_122-190234.foo.c,12/Curl_socketpair_69-188850_115-189983.foo.c
12/Curl_socketpair_68-188805_122-190234.foo.c,12/Curl_socketpair_68-188805_128-190432.foo.c
12/Curl_socketpair_68-188805_122-190234.foo.c,12/Curl_socketpair_69-188850_118-190092.foo.c
12/Curl_socketpair_68-188805_134-190517.foo.c,12/Curl_socketpair_69-188850_115-189983.foo.c
12/Curl_socketpair_68-188805_134-190517.foo.c,12/Curl_socketpair_68-188805_128-190432.foo.c
12/Curl_socketpair_68-188805_134-190517.foo.c,12/Curl_socketpair_69-188850_118-190092.foo.c
12/Curl_socketpair_69-188850_115-189983.foo.c,12/Curl_socketpair_68-188805_128-190432.foo.c
12/Curl_socketpair_69-188850_115-189983.foo.c,12/Curl_socketpair_69-188850_118-190092.foo.c
12/Curl_socketpair_68-188805_128-190432.foo.c,12/Curl_socketpair_69-188850_118-190092.foo.c
49/inet_ntop6_137-178606_127-178424.foo.c,49/inet_ntop6_142-178638_127-178424.foo.c
2/Curl_splay_45-167885_50-167961.foo.c,2/tool_list_engines_1005-194422_1009-194585.foo.c
2/Curl_splay_45-167885_50-167961.foo.c,2/Curl_splay_50-167961_50-167961.foo.c
2/Curl_splay_45-167885_50-167961.foo.c,2/Curl_dedotdotify_62-167304_88-167583.foo.c
2/Curl_splay_45-167885_50-167961.foo.c,2/Curl_dedotdotify_58-167215_88-167583.foo.c
2/tool_list_engines_1005-194422_1009-194585.foo.c,2/Curl_splay_50-167961_50-167961.foo.c
2/tool_list_engines_1005-194422_1009-194585.foo.c,2/Curl_dedotdotify_62-167304_88-167583.foo.c
2/tool_list_engines_1005-194422_1009-194585.foo.c,2/Curl_dedotdotify_58-167215_88-167583.foo.c
2/Curl_splay_50-167961_50-167961.foo.c,2/Curl_dedotdotify_62-167304_88-167583.foo.c
2/Curl_splay_50-167961_50-167961.foo.c,2/Curl_dedotdotify_58-167215_88-167583.foo.c
2/Curl_dedotdotify_62-167304_88-167583.foo.c,2/Curl_dedotdotify_58-167215_88-167583.foo.c